#N
5686
5855
5500
5632
5605
5643
5855
5725
5112
5533
5280
5961
5581
5280
5069
5423
5540
5739
5224
5095
5202
5755
5726
5035
5357
5409
5644
5856
5654
5371
5273
5804
5929
5272
5416
5207
5675
5862
5356
5553
5100
5444
5688
5219
4978
5230
5910
5820
5424
5523
5668
5961
5234
5099
5195
5604
5952
5567
5373
5590
5274
5795
5070
5178
5207
5814
5319
5090
5184
5187
5774
5506
5503
5006
5204
5955
5267
5705
5317
4949
5701
5496
5526
5510
5455
5447
5784
4991
5189
5540
5748
5560
4991
4983
5126
6019
5512
5439
5171
5516
