#x/cm | I/yA | 0.1mm 0.4mm 0.1mm
-1.8    0.00064
-1.75   0.0006
-1.7    0.00064
-1.675  0.00066
-1.65   0.00063
-1.625  0.0006
-1.6    0.00062
-1.55   0.00074
-1.5    0.000515
-1.45   0.001
-1.425  0.00115
-1.4    0.0012
-1.35   0.0043
-1.325  0.005
-1.3    0.0031
-1.275  0.0016
-1.25   0.0047
-1.225  0.0078
-1.2    0.0072
-1.15   0.003
-1.1    0.0084
-1.05   0.0038
-1.025  0.0035
-1      0.0054
-0.975  0.006
-0.95   0.005
-0.9    0.0035
-0.875  0.0028
-0.85   0.0026
-0.8    0.0052
-0.775  0.0053
-0.75   0.0051
-0.7    0.0064
-0.65   0.015
-0.625  0.0235
-0.6    0.0225
-0.575  0.0175
-0.55   0.025
-0.5    0.075
-0.45   0.036
-0.4    0.125
-0.35   0.095
-0.325  0.06
-0.3    0.095
-0.25   0.2
-0.2    0.085
-0.15   0.225
-0.125  0.25
-0.1    0.17
-0.075  0.105
-0.05   0.15
0.00000000000000000000000001       0.275
0.060   0.29
0.120   0.15
0.180   0.285
0.246   0.125
0.314   0.23
0.367   0.095
0.447   0.16
0.490   0.06
0.573   0.09
0.616   0.03
0.700   0.04
0.740   0.012
0.827   0.0185
0.907   0.0065
0.977   0.0046
1.040   0.0072
1.109   0.0055
1.169   0.01
1.229   0.0063
1.304   0.0165
1.355   0.005
1.430   0.008
1.483   0.0035
1.573   0.005
1.618   0.0025
1.698   0.0028
1.763   0.002
1.820   0.00225
1.877   0.00185
1.930   0.0018
1.990   0.00245
2.060   0.00155
2.120   0.0022