#abstand von 0 in mm | I in mikroA | spalt b=0.4mm | dunnkelstrom I=0.32nA | d = 1m
-6.4    0.011
-6.2    0.01
-6.0    0.012
-5.6    0.0225
-5.4    0.025
-5.2    0.024
-4.8    0.0175
-4.4    0.026
-4.0    0.058
-3.6    0.042
-3.4    0.035
-3.2    0.005
-2.8    0.12
-2.4    0.18
-2.2    0.165
-2.0    0.135
-1.6    0.17
-1.2    0.75
-0.8    2.15
-0.4    3.8
0.0000000000000000000000001     4.7
0.4     4.2
0.8     2.75
1.2     1.25
1.6     0.4
2.0     0.2
2.2     0.205
2.4     0.21
2.6     0.195
3.0     0.12
3.2     0.084
3.4     0.074
3.6     0.081
4.0     0.105
4.2     0.105
4.4     0.095
4.6     0.075
4.8     0.06
5.0     0.05
5.2     0.0495
5.4     0.052
5.6     0.06
5.8     0.062
6.0     0.056
6.2     0.044
6.4     0.032
6.6     0.023
6.8     0.02
7.0     0.022