#abstand von 0 in mm | I in mikroA | spalt b=0.15mm | dunnkelstrom I=0.32nA | d = 1m
-15     0.00064
-14.5   0.00064
-14     0.00075
-13.5   0.0008
-13     0.0012
-12.5   0.0018
-12     0.0026
-11.5   0.0032
-11     0.0033
-10.5   0.00295
-10.25  0.0027
-10     0.0024
-9.5    0.0022
-9      0.0027
-8.5    0.0052
-8      0.00765
-7.5    0.0105
-7.25   0.0125
-7      0.013
-6.75   0.013
-6.5    0.0125
-6      0.0105
-5.5    0.007
-5      0.006
-4.5    0.013
-4      0.035
-3.5	0.075
-3	    0.14
-2.5	0.22
-2	    0.32
-1.5	0.42
-1	    0.5
-0.5	0.58
0.0000001	    0.62
0.5     0.52
1       0.4
1.5     0.295
2       0.18
2.5     0.105
3       0.05
3.5     0.0218
4       0.014
4.5     0.018
5       0.028
6       0.037
6.5     0.04
6.75    0.04
7       0.038
7.25    0.035
7.5     0.031
8       0.022
8.5     0.0135
9       0.0075
9.5     0.0057
10      0.0066
10.5    0.0092
11      0.012
11.5    0.013
12      0.0125
12.5    0.0105
13      0.0051
13.5    0.005
14      0.0035
14.5    0.0028
15      0.003